21.7646 67.7547
22.0211 66.56
21.4205 71.3387
21.4174 72.192
20.0474 76.8
20.4133 75.9467
20.3132 77.312
20.1881 78.6773
18.1612 91.136
18.7836 86.3573
18.7868 86.1867
18.4114 92.16
22.2119 64.512
22.8031 59.76
22.4684 63.648
22.4246 64.08
21.4456 70.848
21.3236 71.568
21.2798 72.576
21.4331 70.272
19.8628 81.504
19.9128 80.64
20.0755 78.624
19.9035 77.184
24.0043 53.6213
23.5445 54.56
24.3484 49.0453
24.0449 53.0347
22.9376 59.7227
22.9564 61.4827
23.0659 58.784
22.8782 59.3707
21.7521 67.8187
21.8241 67.936
21.6082 69.344
21.8084 66.176
25.6996 41.072
25.3118 43.52
25.6934 42.6133
25.2868 42.976
24.5329 49.5947
24.2045 50.864
24.4766 50.5013
24.4547 49.6853
23.8604 53.2213
23.3036 56.576
23.5945 54.672
23.435 55.9413
27.2605 30.016
26.9102 33.28
27.1917 31.872
27.3544 30.336
26.4285 36.48
26.2345 37.504
26.7538 33.792
26.4316 37.184
25.7653 40.704
25.6152 42.432
25.8592 39.744
25.5683 41.92
