1 2 20.2312244610399
1 4 8.11569947243952
1 5 5.2880859375
1 6 50.778168518779
1 7 2.4759259259259
1 8 3.9821029082774
1 9 9.40186915887853
10 11 12.0233644859813
10 12 2.59090909090904
10 13 31.3989437624893
10 14 13.6978932296993
10 15 9.2156862745098
10 16 18.7625714285714
10 4 32.1972653468167
10 5 27.8461426703472
10 17 13.1541605362106
10 7 6
10 8 33.4806000288475
10 18 29.7067087155964
10 9 18.5239691097188
19 20 5.9919224555735
19 21 17.4664970313825
19 11 9.21405361494715
19 22 40.0553281580804
19 23 26.157114624506
19 24 29.0498866213152
19 25 11.2692371338739
19 26 29.0501546619531
19 27 29.6827760606912
19 28 16.8371971867674
19 14 4.2429078014184
19 29 0.44615384615384
19 30 2.1822429906542
19 31 13.4912027689646
19 32 2.5106382978723
19 33 37.477269528501
19 34 7.62873641304348
19 9 1.66666666666666
20 19 9.05079740106323
20 21 10.1821428571429
20 11 7.46052631578946
20 22 1.7954545454545
20 23 5.50673854447444
20 24 11.6958153499718
20 35 13.9848456146998
20 25 6.67447129909363
20 27 2.01960784313726
20 28 20.7461491065927
20 14 15.3828028110789
20 36 13.2452025586354
20 15 4.3157894736842
20 29 2.86242299794661
20 30 22.9118930330753
20 17 8.8309760782259
20 7 4.4032
20 33 1.53333333333333
21 19 15.3150121802679
21 20 5.8276602269242
21 11 10.9592037355615
21 22 5.5856353591161
21 23 63.7082787720064
21 24 30.3008874892643
21 35 7.62375249501002
21 25 38.8523402405448
21 26 6.94263862332697
21 27 7.33283996299723
21 28 22.1818181818181
21 14 3.6707946336429
21 30 14.0830258302583
21 4 2
21 31 6.5667189952904
21 7 5.0830434782608
21 33 3.36043689320388
21 18 13.1157702825889
21 9 4.3783783783784
11 10 10.590031152648
11 19 8.49171382376715
11 20 4.39393939393943
11 21 15.7052872062664
11 22 5.1494845360824
11 23 15.7584862054023
11 24 6.6967305524239
11 25 10.3633211995146
11 26 2.12962962962961
11 13 7.2836907338186
11 28 8.8095238095239
11 36 5.51788491446347
11 30 8.0023320895522
11 16 14.8141176470588
11 4 3.84810126582282
11 7 2.7744310575636
11 8 10.0894632206759
11 9 14.7821070550407
12 10 2.56944444444445
12 14 16.9743589743589
22 19 38.0542602797796
22 20 2.96953125
22 21 11.7153565640195
22 11 9.15734265734266
22 23 9.96388028895772
22 24 21.1492726122707
22 35 3.06417112299466
22 25 8.47745716862033
22 26 36.6679324093412
22 27 29.9222331598931
22 28 14.1270147161878
22 36 22.4875814964297
22 29 1.36486486486487
22 30 9.5190166305134
22 31 25.1053034947884
22 32 6.4086393088552
22 17 2.27300613496933
22 33 26.9380107072415
22 34 20.3938669292446
22 18 17.2160953800298
23 19 26.4010524858053
23 20 3.03728813559318
23 21 60.2422048174967
23 11 15.4144144144144
23 22 5.3261802575107
23 24 33.725509214355
23 35 5.94774774774776
23 25 27.4940512507627
23 26 8.54671631685848
23 27 3
23 28 13.271186440678
23 36 2.22822822822823
23 30 16.1603340292275
23 31 4.63636363636366
23 32 1.99999999999999
23 7 1.1336898395722
23 18 9.30769230769231
24 19 33.2379266392862
24 20 15.2363919129082
24 21 37.9219807110983
24 11 12.4705590062112
24 22 21.4514180231583
24 23 40.0434720841029
24 35 12.2254571703561
24 25 37.4895878840833
24 26 18.4048229861468
24 27 20.8125614725306
24 28 28.1609438567941
24 14 3.6447488584475
24 36 7.19965277777782
24 15 3.5
24 30 19.9964699237504
24 31 15.1709302325581
24 32 6.8599901574803
24 17 2.33333333333333
24 7 5.9561643835616
24 33 15.4596968409123
24 18 12.5734265734266
37 9 9.25254879114474
35 20 10.9422195950938
35 21 9.15661686232657
35 22 1.48
35 23 7.31345279486492
35 24 7.1015784114053
35 25 5.67672007540056
35 28 8.0048869883935
35 14 18.2303982854081
35 36 10.3927738927739
35 15 7.898916967509
35 29 10.0267780017276
35 30 4.1849315068493
35 7 8.7971108586268
25 19 11.4220125786163
25 20 6.86149732620316
25 21 39.4972562943835
25 11 11.9690385659968
25 22 6.1297770700637
25 23 25.2948608745031
25 24 30.4099546228021
25 35 7.42877291960505
25 26 8.47396427213983
25 27 10.2619150467962
25 13 20.7230489417989
25 28 32.1559633027523
25 14 10.4556535269709
25 36 31.2668856204484
25 15 8.34482758620691
25 4 12.4640037157454
25 5 12.5473435655254
25 31 7.2115384615385
25 17 14.3654605263158
25 7 10.1126422047749
25 8 19.3041158536586
25 18 37.9782047605392
25 9 8.75308641975304
26 19 28.3841807909604
26 20 2
26 21 9.43077972266429
26 11 2.33516483516484
26 22 32.226887192536
26 23 11.038164996145
26 24 14.0282790697675
26 25 10.2987587145044
26 27 32.1551215399747
26 28 11.3455067706196
26 14 3.8142329020333
26 36 14.9884526558891
26 30 1.3953488372093
26 31 29.0657553956835
26 32 2.4117647058824
26 7 8.1283805799935
26 33 5.2930402930403
26 34 16.9130190007037
26 18 20.2553441851343
27 19 22.6514552133371
27 20 1.72
27 21 8.69935691318331
27 22 23.6051990251828
27 23 2.81578947368421
27 24 13.2156680312616
27 25 8.08223560406472
27 26 28.8152654867257
27 28 20.1878678134903
27 36 3.07941176470588
27 30 2.881096144914
27 31 38.851904090268
27 32 2.6233933161953
27 33 2
13 10 33.9501341997457
13 11 13.1290391611384
13 25 21.6795084689472
13 16 32.0512601452371
13 4 25.8216986620128
13 5 4.27990430622009
13 7 11.9560077809367
13 8 26.6312490890541
13 9 11.5358174465627
28 19 18.3669659398603
28 20 23.7721500721501
28 21 27.5282745287579
28 11 9.72588832487305
28 22 22.4977052524223
28 23 16.6200342732513
28 24 25.3158732455505
28 35 9.72631959508313
28 25 36.4495227075499
28 26 10.9901293396869
28 27 22.91870604782
28 14 5.5011286681715
28 36 11.5458373825721
28 29 3
28 30 8.0571898110106
28 31 16.0526946107784
28 17 8.03309251922629
28 7 9.5050311451844
28 33 4.0964063579821
14 10 14.5051222736285
14 19 4.53272951832029
14 20 16.914820637416
14 21 6.82315003394434
14 12 19.6905271347986
14 23 2.43589743589743
14 24 1.7477064220183
14 35 20.8265471115684
14 25 11.5338771433327
14 26 3.08571428571426
14 28 3.8631578947368
14 36 3.77445109780439
14 15 13.6419339396841
14 29 2.7956416464891
14 30 2.5852342408634
14 31 2.25342465753425
14 32 2.9083388484447
14 17 32.3432884804726
14 7 1
36 20 13.0927451930845
36 11 4.70806928601607
36 22 18.9471935007385
36 23 3.63811659192825
36 24 3.8935558112773
36 35 12.4010604965052
36 25 31.0550766983199
36 26 13.0931586608442
36 27 2.31368421052632
36 28 10.1043523859465
36 14 4.3871829105474
36 15 9.7846715328467
36 29 8.69996972449289
36 30 21.8076596947428
36 32 2.8013029315961
36 17 27.2047926580557
36 7 6.9178429243576
36 8 4.55425219941353
36 9 9.26847521047712
15 10 9.90477010504563
15 20 6.52235136343313
15 21 3.47690655209455
15 12 5.86296296296292
15 23 2.22545454545455
15 24 2.7554744525548
15 35 10.8501872659176
15 25 8.56102583302135
15 26 1
15 14 14.182678461222
15 36 10.0915599095705
15 30 2.4390700160342
15 31 2
15 17 2.70114942528733
15 9 2.3333333333333
29 20 2
29 35 0.214285714285701
29 14 2.061224489796
29 36 4.69003115264798
29 30 6.7606953892668
29 17 2.69767441860465
2 1 30.6140821221956
2 10 4.18932038834947
2 11 2.42763157894737
2 30 1.3863636363637
2 4 4.17460317460316
2 5 14.8990004164932
2 6 24.2556402923419
2 7 5.0395693135936
2 8 3.82608695652174
2 9 10.6204564666103
30 19 2.4166666666667
30 20 30.6278741712512
30 21 26.6221220415392
30 11 14.735717400785
30 22 11.1277493890247
30 23 23.1762544169611
30 24 20.5646377828452
30 35 9.44022770398483
30 26 1.96666666666665
30 27 9.6904320547555
30 28 14.0717355371901
30 14 6.4203879115922
30 36 31.1088686753838
30 15 8
30 29 21.2545565006075
30 16 0.289697381842911
30 4 9.02556390977448
30 5 3.08982035928144
30 31 8.63584905660379
30 38 13.9035824856258
30 7 5.120172648796
30 8 7.52656355077333
30 9 9.20153061224489
16 10 13.234203998249
16 11 6.83701268201034
16 13 26.5512402551382
16 4 2.12922465208748
16 39 47.8840966563642
16 38 21.6938891251949
16 8 10.7856502242152
4 1 9.7097616147555
4 10 32.7681485649972
4 21 2.20758483033932
4 11 4.4
4 25 14.4463328739856
4 13 29.2558106575963
4 30 6.5768019269965
4 16 3.18336987159411
4 5 18.9425907752698
4 38 31.70696930016
4 7 9.0665371539583
4 8 44.7682781259326
4 18 5.91168763102729
4 9 14.2744708994709
5 1 5.20518602029313
5 10 28.2349541930937
5 25 12.4630086313194
5 13 4.11237661351557
5 2 8.5745178258328
5 30 1.6
5 4 16.8350913682959
5 17 -2
5 38 21.2697667804323
5 7 14.787896944278
5 8 8.251572327044
5 18 1.83928571428572
5 9 13.936640054357
6 1 46.9316070925978
6 2 12.7428178484108
6 38 3.60025062656646
6 9 10.6478723404256
39 16 46.2563344594594
31 19 16.557938085771
31 20 1.18867924528301
31 21 10.989493791786
31 22 25.4441620333598
31 23 5.43191311612361
31 24 13.2804252895387
31 25 7.27164179104479
31 26 31.843836197751
31 27 45.4057134815649
31 28 18.6630790828263
31 14 3.0957683741649
31 36 6.96551724137931
31 30 7.8089718500678
31 38 1.88235294117647
31 7 1.7027027027027
31 33 2.40909090909091
31 34 2
31 18 8.00046093569943
32 19 3.88461538461542
32 22 5.4982537834691
32 23 2.29906542056075
32 24 4.8899486427
32 26 3.03571428571433
32 27 5.15030408340573
32 14 4.0859106529209
32 36 6.53007518796992
32 7 8.0424488415356
17 10 13.45587162655
17 20 7.79200252884461
17 23 2.5
17 35 10.1641373801917
17 25 12.49870382372
17 28 4.4081145584725
17 14 29.3348401138456
17 36 24.5198058556443
17 29 2.60351133869788
17 38 2.06473214285714
17 7 4.6707101339399
38 10 29.4652106957861
38 19 9.27780483844778
38 21 9.40060047179924
38 11 32.9169611307421
38 22 2.1122194513715
38 23 2.52380952380952
38 24 2.630023640662
38 25 9.33658854166671
38 26 2.69133192389003
38 13 43.4127988748242
38 28 10.6746248294679
38 14 13.2425087108014
38 36 6.20705128205127
38 29 1.65009380863039
38 2 2
38 30 4.4493066255779
38 16 24.9633310006997
38 4 27.1993670886075
38 5 18.906913691821
38 6 3.03805496828757
38 17 2.75080459770115
38 7 8.6171103298175
38 8 36.5715932008066
38 18 8.55402597402595
38 9 16.2054651647893
7 1 5.13396089790006
7 10 6.75
7 20 6.49603429796357
7 21 10.8783142065691
7 11 5.52355769230767
7 23 3.69169960474308
7 24 3.9479392624729
7 35 12.790658882402
7 25 12.6843880501125
7 26 9.90212226797591
7 13 15.2876736729605
7 28 10.7941415785191
7 14 0.9166666666667
7 36 9.34109221128026
7 2 2.743119266055
7 30 2.2835784313726
7 16 0.749015975920352
7 4 9.56084846305949
7 5 17.623445531421
7 31 2.36842105263162
7 32 7.2847603148104
7 17 9.38195631528962
7 38 13.1537084017311
7 33 0.77011494252874
7 8 15.6623605402231
7 18 10.6629310344827
7 9 18.3724378543393
33 19 32.0526538082501
33 21 3.81202185792351
33 22 19.3001814882032
33 24 7.148505885904
33 26 2.5
33 28 7.288049029622
33 31 1
34 19 6.81493506493505
34 22 13.7030927835051
34 26 14.1889590771766
8 1 3.77736252002136
8 10 32.3844306301215
8 11 9.88829471182413
8 25 17.1315747907123
8 13 28.7187366014006
8 36 4.27205199628596
8 30 1.8454746136866
8 16 13.9894871430601
8 4 40.6450863695747
8 5 7.27021276595741
8 38 38.4599471830986
8 7 11.4110401459854
8 18 5.34193954659945
8 9 21.6524590163934
18 10 23.8243931675157
18 21 8.37106496985933
18 22 6.4598000869188
18 23 2.74406901509706
18 24 3.2777777777777
18 25 32.6783272380347
18 26 12.4878695981804
18 13 2.77272727272727
18 4 5.28170263080111
18 5 2.16842105263157
18 31 5.71324599708881
18 38 11.2514071294559
18 7 5.1053560918187
18 8 7.24905660377359
18 9 7.68
9 1 11.5639603294672
9 10 20.4142212189616
9 19 2.71014492753623
9 21 9.14347040216897
9 11 17.7565285686236
9 25 8.55130023640665
9 13 13.6687282566679
9 36 11.7025316455696
9 2 6.359243697479
9 30 4.3812001387443
9 16 1.93827160493827
9 4 13.044466403162
9 5 15.0779166666666
9 6 13.1496668375192
9 38 19.1540628706998
9 7 16.7478906022694
9 8 25.8631510837917
9 18 6.54520547945204
